
center_x=-12.298999786376953

center_y=-5.494500041007996

center_z=-1.485000133514400



size_x=19

size_y=17

size_z=17



num_modes = 5
